Q1[K1] =   3.87011931941879E+00
Q2[K1] =  -1.91642928269328E+01
Q3[K1] =   1.57325169692857E+01
Q4[K1] =  -1.73590144633726E+01
Q5[K1] =  -1.69143295268456E+00
Q6[K1] =   9.72125576393067E-02
