Q1[K1] =   5.96337923535675E+00
Q2[K1] =  -1.88324821987245E+01
Q3[K1] =   1.61913538858866E+01
Q4[K1] =  -1.67272132132073E+01
Q5[K1] =  -1.46921645000537E+00
Q6[K1] =   2.31750048299899E+00


