 Q1[K1] =   9.75918086168132E+00
 Q2[K1] =  -2.32386672076111E+01
 Q3[K1] =   1.55954550382289E+01
 Q4[K1] =  -1.67235831897745E+01
 Q5[K1] =  -7.57092084658077E+00
 Q6[K1] =   6.68759861977290E+00
 
 end_file
 
 
 ! Top 10
 
 Constraints                     Ref_Ele    Start_Ele   Ele/S    Meas-or-Lim    Model       Merit      Max_Loc
 twiss.end[3]  beta.b <target>                         END        1.2500E+01   1.2500E+01  3.155E-27
 twiss.end[4]  alpha.b <target>                        END       -1.0000E+00  -1.0000E+00  2.608E-27
 twiss.end[1]  beta.a <target>                         END        1.2500E+01   1.2500E+01  2.840E-28
 twiss.end[2]  alpha.a <target>                        END       -1.0000E+00  -1.0000E+00  7.889E-29
 quad[6]       Q6[K1]                                  4.35      -1.0000E+30   6.6876E+00  0.000E+00
 quad[5]       Q5[K1]                                  3.95      -1.0000E+30  -7.5709E+00  0.000E+00
 quad[4]       Q4[K1]                                  3.15      -1.0000E+30  -1.6724E+01  0.000E+00
 quad[3]       Q3[K1]                                  2.75      -1.0000E+30   1.5595E+01  0.000E+00
 quad[2]       Q2[K1]                                  1.95      -1.0000E+30  -2.3239E+01  0.000E+00
 quad[1]       Q1[K1]                                  1.55      -1.0000E+30   9.7592E+00  0.000E+00
 Constraints                     Ref_Ele    Start_Ele   Ele/S    Meas-or-Lim    Model       Merit      Max_Loc
 
  figure of merit: 6.126491E-27
 
 Constraints                     Ref_Ele    Start_Ele   Ele/S    Meas-or-Lim    Model       Merit      Max_Loc
 twiss.end[1]  beta.a <target>                         END        1.2500E+01   1.2500E+01  2.840E-28
 twiss.end[2]  alpha.a <target>                        END       -1.0000E+00  -1.0000E+00  7.889E-29
 twiss.end[3]  beta.b <target>                         END        1.2500E+01   1.2500E+01  3.155E-27
 twiss.end[4]  alpha.b <target>                        END       -1.0000E+00  -1.0000E+00  2.608E-27
 twiss.end[5]  eta.x <target>                          END        0.0000E+00   0.0000E+00  0.000E+00
 twiss.end[6]  etap.x <target>                         END        0.0000E+00   0.0000E+00  0.000E+00
 twiss.max[1]  beta.a <max>                Q1          END        1.0000E+02   1.2500E+01  0.000E+00  P5
 twiss.max[2]  eta.x <abs_max>             Q1          END        1.0000E+00   0.0000E+00  0.000E+00  P2\Q1
 quad[1]       Q1[K1]                                  1.55      -1.0000E+30   9.7592E+00  0.000E+00
 quad[2]       Q2[K1]                                  1.95      -1.0000E+30  -2.3239E+01  0.000E+00
 quad[3]       Q3[K1]                                  2.75      -1.0000E+30   1.5595E+01  0.000E+00
 quad[4]       Q4[K1]                                  3.15      -1.0000E+30  -1.6724E+01  0.000E+00
 quad[5]       Q5[K1]                                  3.95      -1.0000E+30  -7.5709E+00  0.000E+00
 quad[6]       Q6[K1]                                  4.35      -1.0000E+30   6.6876E+00  0.000E+00
 Constraints                     Ref_Ele    Start_Ele   Ele/S    Meas-or-Lim    Model       Merit      Max_Loc
 
  figure of merit: 6.126491E-27
