beam_start[x]  =    -0.0086126708
beam_start[px] =    -0.1073697638
beam_start[pz] =     0.0000000000
beginning[e_tot]  =   3.80000000E+07
beginning[beta_a]  =     0.6828215396
beginning[alpha_a] =    -0.8945475928
beginning[beta_b]  =     1.4953380044
beginning[alpha_b] =     1.8564451282
beginning[eta_x]  =     0.0951287645
beginning[etap_x] =     0.1095764909
