O.MS2DIP03[ANGLE] = -3.14968935145679252E-001
O.MS2DIP04[ANGLE] =  +6.89227820524751733E-01
O.MS2DIP05[ANGLE] =  -4.63756677224428149E-01
O.MS2DIP06[ANGLE] =  -4.63756677224428149E-01
O.MS2DIP07[ANGLE] =  +6.89227820524751733E-01
O.MS2DIP08[ANGLE] = -3.76835755651392879E-001
o_s2.sli[angle] = o.ms2dip05[angle]
o_s2.sli[old_angle] = o_s2.sli[angle]

S2.SLI01[L] = 3.66135861870839130E-01
S2.SLI02[L] = 3.09481523689172533E-01
S2.SLI03[L] = 3.66135706864768595E-01

S2.PIP04[L] = +7.26524059760567664E-001
S2.PIP05[L] = 8.31092756907767793E-02
S2.PIP06[L] = 2.41599594223015246E-01
S2.PIP07[L] = 7.76182593482169780E-02
S2.PIP08[L] = 6.32026387846058579E-02
S2.PIP09[L] = 2.54242749377425581E-01
S2.PIP10[L] = 6.86973609893418158E-02
S2.PIP11[L] = +7.26297248541283413E-001

O_S2.SLI[DELTA] = -9.42885264442122547E-005

MS2QUA01[B1_GRADIENT] = +2.71465379831082743E+000
MS2QUA02[B1_GRADIENT] = -2.94818276483951003E+000
MS2QUA03[B1_GRADIENT] = +1.01929348665659325E+000
MS2QUA04[B1_GRADIENT] = +4.53361947287169775E-001
MS2QUA05[B1_GRADIENT] = +3.70177654063891026E+000
MS2QUA06[B1_GRADIENT] = -1.56594135659924905E+000
MS2QUA07[B1_GRADIENT] = -1.62310343956052927E+000
MS2QUA08[B1_GRADIENT] = +3.70204853822381796E+000
