O.MS3DIP01[ANGLE] = -3.28628187701660135E-001
O.MS3DIP02[ANGLE] = +3.91819649356332789E-001
O.MS3DIP03[ANGLE] = +3.91819649356332789E-001
O.MS3DIP04[ANGLE] = -3.32443279022351157E-001
o_s3.sli[angle] = o.ms3dip02[angle]
o_s3.sli[old_angle] = o_s3.sli[angle]

S3.SLI01[L] = 2.50973541525004673E-01
S3.SLI02[L] = 3.61571389626399509E-01
S3.SLI03[L] = 2.50973230582458795E-01

S3.PIP02[L] = 7.62357756542040632E-01
S3.PIP03[L] = 6.27002614298354105E-02
S3.PIP04[L] = 3.87182836080048720E-01
S3.PIP05[L] = 2.34899594775000831E-01
S3.PIP06[L] = 7.48095676197149395E-02
S3.PIP07[L] = 7.48254976358265544E-01

O_S3.SLI[DELTA] = -4.72547231011766114E-005

MS3QUA01[B1_GRADIENT] = -1.16005534707934910E+000
MS3QUA02[B1_GRADIENT] = +4.80332914108738596E+000
MS3QUA03[B1_GRADIENT] = -5.53180037580336847E+000
MS3QUA04[B1_GRADIENT] = +5.52726879230012536E+000
MS3QUA05[B1_GRADIENT] = -2.81547492871237326E+000
MS3QUA06[B1_GRADIENT] = -3.67060850219461221E+000
MS3QUA07[B1_GRADIENT] = +3.84594511181895093E+000
MS3QUA08[B1_GRADIENT] = -1.45326903201307389E+000
