O.MS4DIP02[ANGLE] = -1.67859459122537968E-001
O.MS4DIP03[ANGLE] = +5.17176899258632972E-001
O.MS4DIP04[ANGLE] = +5.17176899258632972E-001
O.MS4DIP05[ANGLE] = -1.35085878261121478E-001

o_s4.sli[angle] = o.ms4dip03[angle]
o_s4.sli[old_angle] = o_s4.sli[angle]

S4.SLI01[L] = 2.50922463657829997E-01
S4.SLI02[L] = 3.61197841959222665E-01
S4.SLI03[L] = 2.50923197937428566E-01

S4.PIP03[L] = 6.73327941477907754E-01
S4.PIP04[L] = 6.27495948643038703E-02
S4.PIP05[L] = 4.34391505601093242E-01
S4.PIP06[L] = 2.35014518139907591E-01
S4.PIP07[L] = 7.48571687503684496E-02
S4.PIP08[L] = 7.49219633312244393E-01

O_S4.SLI[DELTA] = -8.54581487529276196E-006

MS4QUA01[B1_GRADIENT] = -1.13203293380859300E+001
MS4QUA02[B1_GRADIENT] = +1.15101922446691187E+001
MS4QUA03[B1_GRADIENT] = -1.37855930715667618E+001
MS4QUA04[B1_GRADIENT] = -1.19533573883466815E+001
MS4QUA05[B1_GRADIENT] = +1.63690615099730175E+000
MS4QUA06[B1_GRADIENT] = -1.18445505112847727E+001
MS4QUA07[B1_GRADIENT] = +9.50801141922711857E+000
MS4QUA08[B1_GRADIENT] = -5.62879645382419813E+000
