O.MR4DIP02[ANGLE] = -1.80966304881722023E-001
O.MR4DIP03[ANGLE] = +5.25747369511744944E-001
O.MR4DIP04[ANGLE] = +5.25747369511744944E-001
O.MR4DIP05[ANGLE] = -1.43047457613818735E-001

o_r4.sli[angle] = o.mr4dip03[angle]
o_r4.sli[old_angle] = o_r4.sli[angle]

R4.SLI01[L] = 2.50972261614098413E-01
R4.SLI02[L] = 3.61571960440702000E-01
R4.SLI03[L] = 2.50973138809708063E-01

R4.PIP03[L] = 6.73329253904199398E-01
R4.PIP04[L] = 6.26984844817437964E-02
R4.PIP05[L] = 4.34392957123330203E-01
R4.PIP06[L] = 2.48432049009888745E-01
R4.PIP07[L] = 7.48036791897730424E-02
R4.PIP08[L] = 7.49223182000560373E-01

O_R4.SLI[DELTA] = -8.54581487529276196E-006

MR4QUA01[B1_GRADIENT] = -8.83240945664214649E+000
MR4QUA02[B1_GRADIENT] = +1.10891037955391898E+001
MR4QUA03[B1_GRADIENT] = -1.43758424818175818E+001
MR4QUA04[B1_GRADIENT] = -1.14642761335893457E+001
MR4QUA05[B1_GRADIENT] = +3.20775003796325953E-001
MR4QUA06[B1_GRADIENT] = -1.04578972430224493E+001
MR4QUA07[B1_GRADIENT] = +9.07563164745793038E+000
MR4QUA08[B1_GRADIENT] = -5.77212198607590210E+000
