&wake_and_diffusion
  ec%wd%ie_peak = 12.75449935563811
  ec%wd%sigma_ze = 0.0093770742
  ec%wd%supergaussian_order = 4.0
  ec%wd%off_E_reduction = 1700000.0
  ec%wd%phi_avg = 0.9762122593944978

  ec%wd%xm%s = 0.0, 0.00022607777745933824, 0.0004521555549186765, 0.0006782333323780147, 0.000904311109837353
  ec%wd%xm%A = -2.0893892368090435e-10, -1.8965871119380007e-10, -1.4249883652810242e-10, -8.961386802067677e-11, -4.82460771967703e-11
  ec%wd%xm%k = 1402716.8097824145, 1394894.6006869636, 1370389.46580721, 1325322.2479039526, 1253743.3277886144
  ec%wd%xm%lambda = 1.7002241921313383e-06 1.7025893258043202e-06, 1.7069614606414982e-06, 1.7170403619805044e-06, 1.7386045593751334e-06

  ec%wd%ym%s = 1.0, 0.00022607777745933824, 0.0004521555549186765, 0.0006782333323780147, 0.000904311109837353
  ec%wd%ym%A = -2.0893892368090435e-10, -1.8965871119380007e-10, -1.4249883652810242e-10, -8.961386802067677e-11, -4.82460771967703e-11
  ec%wd%ym%k = 1402716.8097824145, 1394894.6006869636, 1370389.46580721, 1325322.2479039526, 1253743.3277886144
  ec%wd%ym%lambda = 1.7002241921313383e-06 1.7025893258043202e-06, 1.7069614606414982e-06, 1.7170403619805044e-06, 1.7386045593751334e-06

  ec%wd%xk%s = 0.0, 0.00022607777745933824, 0.0004521555549186765, 0.0006782333323780147, 0.000904311109837353
  ec%wd%xk%A = -2.0893892368090435e-10, -1.8965871119380007e-10, -1.4249883652810242e-10, -8.961386802067677e-11, -4.82460771967703e-11
  ec%wd%xk%k = 1402716.8097824145, 1394894.6006869636, 1370389.46580721, 1325322.2479039526, 1253743.3277886144
  ec%wd%xk%lambda = 1.7002241921313383e-06 1.7025893258043202e-06, 1.7069614606414982e-06, 1.7170403619805044e-06, 1.7386045593751334e-06,
  ec%wd%xk%D_h = 0.0, 0.00022607777745933824, 0.0004521555549186765, 0.0006782333323780147, 0.000904311109837353
  ec%wd%xk%D_e11 = 0.0, 0.00022607777745933824, 0.0004521555549186765, 0.0006782333323780147, 0.000904311109837353
  ec%wd%xk%D_e12 = 0.0, 0.00022607777745933824, 0.0004521555549186765, 0.0006782333323780147, 0.000904311109837353
  ec%wd%xk%D_e22 = 0.0, 0.00022607777745933824, 0.0004521555549186765, 0.0006782333323780147, 0.000904311109837353

  ec%wd%yk%s = 0.0, 0.00022607777745933824, 0.0004521555549186765, 0.0006782333323780147, 0.000904311109837353
  ec%wd%yk%A = -2.0893892368090435e-10, -1.8965871119380007e-10, -1.4249883652810242e-10, -8.961386802067677e-11, -4.82460771967703e-11
  ec%wd%yk%k = 1402716.8097824145, 1394894.6006869636, 1370389.46580721, 1325322.2479039526, 1253743.3277886144
  ec%wd%yk%lambda = 1.7002241921313383e-06 1.7025893258043202e-06, 1.7069614606414982e-06, 1.7170403619805044e-06, 1.7386045593751334e-06
  ec%wd%yk%D_h = 0.0, 0.00022607777745933824, 0.0004521555549186765, 0.0006782333323780147, 0.000904311109837353
  ec%wd%yk%D_e11 = 0.0, 0.00022607777745933824, 0.0004521555549186765, 0.0006782333323780147, 0.000904311109837353
  ec%wd%yk%D_e12 = 0.0, 0.00022607777745933824, 0.0004521555549186765, 0.0006782333323780147, 0.000904311109837353
  ec%wd%yk%D_e22 = 0.0, 0.00022607777745933824, 0.0004521555549186765, 0.0006782333323780147, 0.000904311109837353
/
