&params
  mode(1) =   0.4856380   0.0167400  -0.0000000  -1.4005072
  mode(2) =   0.7133118   0.1593916  -0.0000000  -1.2066906
  mode(3) =   1.0813171   1.6070149  -0.0000009   5.7007397
  mode(4) =  -0.0807272   0.0054051  -0.0000000  -4.0889973
  mode(5) =  -0.0375851   0.0000443  -0.0000000  10.5781118
  mode(6) =  -0.3274233   0.0016990   0.0000000   1.6558375
  mode(7) =   0.0318249   0.0004531   0.0000000  -0.9506339
  mode(8) =   0.2142462   0.0516522  -0.0000000  -0.8309591
  mode(9) =  -0.4597951   0.4943499   0.0000084   3.3222665

  n_mode = 9
  ix_data_start = 1
  n_data = 10000
  amp_weight = 1e-10
  n_cycles = 10000
  negligible_merit = 1e-8
/

