O.MR1DIP03[ANGLE] =  +5.01204677245032371E-01
O.MR1DIP04[ANGLE] =  -3.71692868871114301E-01
O.MR1DIP05[ANGLE] =  -3.71692868871114301E-01
O.MR1DIP06[ANGLE] =  +5.01204677245032371E-01
o_r1.sli[angle] = o.mr1dip04[angle]
o_r1.sli[old_angle] = o_r1.sli[angle]

R1.SLI01[L] = 4.83068259824369017E-01
R1.SLI03[L] = 4.83017787724095093E-01
R1.SLI02[L] = 4.65938908335614466E-01

R1.PIP04[L] = 2.65582382407515194E-01
R1.PIP05[L] = 2.44215648860538537E-01
R1.PIP06[L] = 7.71636275933276911E-02
R1.PIP07[L] = 6.26985584565572379E-02
R1.PIP08[L] = 2.57078967158548388E-01
R1.PIP09[L] = 2.52769536209918655E-01

O_R1.SLI[DELTA] = -6.94768550324926376E-004

MR1QUA01[B1_GRADIENT] = -1.10502221768482789E+000
MR1QUA02[B1_GRADIENT] = +1.98068842503556775E-001
MR1QUA03[B1_GRADIENT] = +3.81042133971083552E-001
MR1QUA04[B1_GRADIENT] = -2.66291744530102736E+000
MR1QUA05[B1_GRADIENT] = -2.61269984391292853E+000
MR1QUA06[B1_GRADIENT] = +8.50470700315169914E-001
MR1QUA07[B1_GRADIENT] = -2.32544155479099768E+000
MR1QUA08[B1_GRADIENT] = +7.76208809444507986E-001
