O.MR1DIP03[ANGLE] = +5.65037401202555634E-001
O.MR1DIP04[ANGLE] = -4.35525592828637620E-001
O.MR1DIP05[ANGLE] = -4.35525592828637620E-001
O.MR1DIP06[ANGLE] = +5.65037401202555634E-001
o_r1.sli[angle] = o.mr1dip04[angle]
o_r1.sli[old_angle] = o_r1.sli[angle]

R1.SLI01[L] = 4.83067760794919032E-01
R1.SLI02[L] = 4.65988886889953546E-01
R1.SLI03[L] = 4.83068029893290396E-01

R1.PIP04[L] = 2.84482830750963922E-01
R1.PIP05[L] = 2.44214544875486217E-01
R1.PIP06[L] = 9.80196361564977942E-02
R1.PIP07[L] = 6.20145606245249836E-02
R1.PIP08[L] = 2.64596909508523326E-01
R1.PIP09[L] = 2.64100197019539573E-01

O_R1.SLI[DELTA] = +5.56905487893774218E-004

MR1QUA01[B1_GRADIENT] = -1.12231000008818116E+000
MR1QUA02[B1_GRADIENT] = +1.84332890871486375E-003
MR1QUA03[B1_GRADIENT] = +1.85909354347387062E-002
MR1QUA04[B1_GRADIENT] = -2.50802047291884422E+000
MR1QUA05[B1_GRADIENT] = -2.51074643607204173E+000
MR1QUA06[B1_GRADIENT] = +5.79941474529310774E-001
MR1QUA07[B1_GRADIENT] = -2.35781148700799470E+000
MR1QUA08[B1_GRADIENT] = +2.40012511311384208E-001

