O.MR3DIP01[ANGLE] =  -3.94833781588653565E-01
O.MR3DIP02[ANGLE] =  +4.51342782419418498E-01
O.MR3DIP03[ANGLE] =  +4.51342782419418498E-01
O.MR3DIP04[ANGLE] =  -3.80436654580795008E-01
o_r3.sli[angle] = o.mr3dip02[angle]
o_r3.sli[old_angle] = o_r3.sli[angle]

R3.SLI01[L] =  +2.65714483438244109E-01
R3.SLI02[L] =  +3.87925696026934497E-01
R3.SLI03[L] =  +2.65504503414824344E-01

R3.PIP02[L] = 7.76224786043879345E-01
R3.PIP03[L] = 6.26979905046114311E-02
R3.PIP04[L] = 3.87186074071077746E-01
R3.PIP05[L] = 2.48720919557997328E-01
R3.PIP06[L] = 7.48110313595008874E-02
R3.PIP07[L] = 7.66278724387998045E-01

O_R3.SLI[DELTA] = -1.34395530852562385E-005

MR3QUA01[B1_GRADIENT] = -7.84317351859926237E-001
MR3QUA02[B1_GRADIENT] = +6.14274879498132442E+000
MR3QUA03[B1_GRADIENT] = -6.18115867607306679E+000
MR3QUA04[B1_GRADIENT] = +4.38618271515255209E+000
MR3QUA05[B1_GRADIENT] = -2.26044225671188315E+000
MR3QUA06[B1_GRADIENT] = -4.94863140335848684E+000
MR3QUA07[B1_GRADIENT] = +5.33681292025014820E+000
MR3QUA08[B1_GRADIENT] = -9.01292242537372057E-001
