RD1CAV06[GRADIENT_ERR] = +5.27444657745206449E+006
RD1CAV06[PHI0_ERR] = +4.41083016860019730E-003
RD1CAV05[GRADIENT_ERR] = +5.22638885394331627E+006
RD1CAV05[PHI0_ERR] = +2.17879883255245980E-002
RD1CAV04[GRADIENT_ERR] = +5.17833113043456990E+006
RD1CAV04[PHI0_ERR] = +4.09978660390910993E-002
RD1CAV03[GRADIENT_ERR] = +5.13027340692582168E+006
RD1CAV03[PHI0_ERR] = +5.91142658120031653E-002
RD1CAV02[GRADIENT_ERR] = +5.08221568341707345E+006
RD1CAV02[PHI0_ERR] = +7.85148051733399049E-002
RD1CAV01[GRADIENT_ERR] = +5.03415795990832616E+006
RD1CAV01[PHI0_ERR] = +9.59346493358635699E-002
