MS1QUA01[B1_GRADIENT] = +1.01294502459695623E+000
MS1QUA02[B1_GRADIENT] = -2.11514984410391582E+000
MS1QUA03[B1_GRADIENT] = +1.28597960586437043E+000
MS1QUA04[B1_GRADIENT] = -2.77418832540428406E+000
MS1QUA05[B1_GRADIENT] = -2.77644354113192238E+000
MS1QUA06[B1_GRADIENT] = +5.07151418476117666E-001
MS1QUA07[B1_GRADIENT] = -1.25002364050576920E+000
MS1QUA08[B1_GRADIENT] = -5.19907221792714647E-001
