MS1QUA01[B1_GRADIENT] = +0.00000000000000000E+000
MS1QUA02[B1_GRADIENT] = +0.00000000000000000E+000
MS1QUA03[B1_GRADIENT] = -1.22821033945316871E+000
MS1QUA04[B1_GRADIENT] = +1.80901961018492452E+000
MS1QUA05[B1_GRADIENT] = +1.00862167790706947E-001
MS1QUA06[B1_GRADIENT] = -6.76307080050604692E-001
MS1QUA07[B1_GRADIENT] = +0.00000000000000000E+000
MS1QUA08[B1_GRADIENT] = +0.00000000000000000E+000
