MS1QUA01[B1_GRADIENT] = -1.03536091938544805E+000
MS1QUA02[B1_GRADIENT] = +0.00000000000000000E+000
MS1QUA03[B1_GRADIENT] = -1.43482299771272248E+000
MS1QUA04[B1_GRADIENT] = +1.71829498884503451E+000
MS1QUA05[B1_GRADIENT] = +1.32695563659049576E+000
MS1QUA06[B1_GRADIENT] = -1.68020885125104780E+000
MS1QUA07[B1_GRADIENT] = +0.00000000000000000E+000
MS1QUA08[B1_GRADIENT] = -2.08754971542434120E+000
