MD2QUA02[B1_GRADIENT] = -1.44474001616028747E-001
MD2QUA03[B1_GRADIENT] = -4.46533459811314093E-001
MD2QUA04[B1_GRADIENT] = +7.10743752819115060E-001
MD2QUA05[B1_GRADIENT] = -9.33516081944438136E-001
MD2QUA06[B1_GRADIENT] = -3.91419230012521380E-001
MD2QUA07[B1_GRADIENT] = +3.31581481243683529E-001
MD2QUA08[B1_GRADIENT] = -5.64373216633781427E-002
