! Beginning at in.a3.mar.beg
beginning[z_position] =  9.361464940552
beginning[x_position] = 13.548311830583
beginning[theta_position] = -15*pi/180
beginning[s] = 6.305575
! at la.mar.end_vessel, beta 11.5 m, alpha -0.9
BEGINNING[BETA_A]  =  1.73422780020131384E+001
BEGINNING[ALPHA_A] =  3.02300262875727033E-001
BEGINNING[BETA_B]  =  1.95524001260198843E+000
BEGINNING[ALPHA_B] = -1.53381642238284516E-001
parameter[e_tot] = e006
