SEX_09AW[k2]= -9.49522987E-02
SEX_10W[k2]= -1.04839223E-01
SEX_10AW[k2]= -4.64698802E-01
SEX_12W[k2]=  1.04120390E-01
SEX_13W[k2]= -2.55645801E+00
SEX_14W[k2]=  1.28782258E+00
SEX_15W[k2]= -9.19513973E-01
SEX_16W[k2]=  3.76603044E-01
SEX_17W[k2]= -1.90172055E+00
SEX_18W[k2]=  1.34547409E+00
SEX_19W[k2]= -6.72558076E-01
SEX_20W[k2]=  8.48727789E-01
SEX_21W[k2]= -1.17038648E+00
SEX_22W[k2]=  2.98518972E+00
SEX_23W[k2]= -2.27415905E+00
SEX_24W[k2]=  1.26318195E+00
SEX_25W[k2]= -3.22061252E+00
SEX_26W[k2]=  1.25858025E+00
SEX_27W[k2]= -5.70147883E-01
SEX_28W[k2]=  1.01071604E+00
SEX_29W[k2]= -2.76464929E+00
SEX_30W[k2]=  3.51074280E-01
SEX_31W[k2]= -2.82485030E+00
SEX_32W[k2]= -5.85113633E-01
SEX_33W[k2]= -2.23875103E+00
SEX_34W[k2]=  1.85602828E+00
SEX_35W[k2]= -1.94201977E+00
SEX_36W[k2]=  8.26819250E-01
SEX_37W[k2]= -1.48448383E+00
SEX_38W[k2]=  6.52478744E-01
SEX_39W[k2]= -1.02988999E+00
SEX_40W[k2]=  1.14451280E+00
SEX_41W[k2]= -1.12925879E+00
SEX_42W[k2]=  8.90755413E-01
SEX_43W[k2]= -1.28990406E+00
SEX_44W[k2]= -7.06798848E-01
SEX_45W[k2]=  2.25613655E+00
SEX_47W[k2]=  2.10082759E-01
SEX_47E[k2]= -2.14425579E-01
SEX_45E[k2]=  1.96272662E+00
SEX_44E[k2]= -1.26050331E+00
SEX_43E[k2]= -2.88601693E+00
SEX_42E[k2]=  4.40340276E-01
SEX_41E[k2]= -1.38388571E+00
SEX_40E[k2]=  1.41773273E+00
SEX_39E[k2]= -1.44497706E+00
SEX_38E[k2]=  3.17919852E-01
SEX_37E[k2]= -1.25770015E+00
SEX_36E[k2]=  1.12044483E+00
SEX_35E[k2]= -1.28703458E+00
SEX_34E[k2]=  2.02115308E+00
SEX_33E[k2]= -2.81163173E+00
SEX_32E[k2]= -6.54246945E-01
SEX_31E[k2]= -2.55736018E+00
SEX_30E[k2]=  9.50407339E-01
SEX_29E[k2]= -1.95217209E+00
SEX_28E[k2]=  8.26844373E-01
SEX_27E[k2]= -6.99941900E-01
SEX_26E[k2]=  1.38961874E+00
SEX_25E[k2]= -1.89356272E+00
SEX_24E[k2]=  1.25529434E+00
SEX_23E[k2]= -2.67223048E+00
SEX_22E[k2]=  2.65880846E+00
SEX_21E[k2]= -1.24045357E+00
SEX_20E[k2]=  1.16121745E+00
SEX_19E[k2]= -7.08374813E-01
SEX_18E[k2]=  1.46276753E+00
SEX_17E[k2]= -1.08337299E+00
SEX_16E[k2]=  5.73378130E-01
SEX_15E[k2]= -5.48726922E-01
SEX_14E[k2]=  1.76522770E+00
SEX_13E[k2]= -2.54681664E+00
SEX_12E[k2]= -1.66055487E-01
SEX_11E[k2]= -1.21156575E+00
SEX_10AE[k2]=  6.70777207E-03
SEX_09AE[k2]=  2.56548053E-01
