SEX_09AW[k2]= -9.57955391E-02
SEX_10W[k2]= -3.62168538E-02
SEX_10AW[k2]= -2.55914309E-01
SEX_12W[k2]=  4.93094920E-02
SEX_13W[k2]= -2.59306955E+00
SEX_14W[k2]=  1.54105004E+00
SEX_15W[k2]= -9.22852309E-01
SEX_16W[k2]=  2.04516876E-01
SEX_17W[k2]= -1.77783957E+00
SEX_18W[k2]=  1.36101988E+00
SEX_19W[k2]= -8.27134964E-01
SEX_20W[k2]=  8.90982935E-01
SEX_21W[k2]= -1.25512269E+00
SEX_22W[k2]=  2.87476635E+00
SEX_23W[k2]= -2.15833830E+00
SEX_24W[k2]=  1.47640947E+00
SEX_25W[k2]= -3.09900521E+00
SEX_26W[k2]=  1.26172815E+00
SEX_27W[k2]= -6.05371919E-01
SEX_28W[k2]=  1.07991234E+00
SEX_29W[k2]= -2.62701379E+00
SEX_30W[k2]=  3.03395899E-01
SEX_31W[k2]= -2.65950674E+00
SEX_32W[k2]= -6.49754385E-01
SEX_33W[k2]= -2.30762099E+00
SEX_34W[k2]=  2.06820835E+00
SEX_35W[k2]= -1.86672522E+00
SEX_36W[k2]=  8.51349485E-01
SEX_37W[k2]= -1.42052133E+00
SEX_38W[k2]=  5.43111085E-01
SEX_39W[k2]= -1.09282926E+00
SEX_40W[k2]=  1.08753105E+00
SEX_41W[k2]= -1.24385824E+00
SEX_42W[k2]=  7.25368500E-01
SEX_43W[k2]= -1.46105633E+00
SEX_44W[k2]= -8.14237132E-01
SEX_45W[k2]=  2.26018820E+00
SEX_47W[k2]=  1.85349273E-01
SEX_47E[k2]= -1.60854306E-01
SEX_45E[k2]=  2.00988740E+00
SEX_44E[k2]= -1.39148604E+00
SEX_43E[k2]= -2.99020125E+00
SEX_42E[k2]=  3.75866125E-01
SEX_41E[k2]= -1.36399522E+00
SEX_40E[k2]=  1.33709370E+00
SEX_39E[k2]= -1.51952142E+00
SEX_38E[k2]=  1.67519679E-01
SEX_37E[k2]= -1.37240284E+00
SEX_36E[k2]=  1.10036957E+00
SEX_35E[k2]= -1.28470603E+00
SEX_34E[k2]=  2.04168030E+00
SEX_33E[k2]= -3.01699470E+00
SEX_32E[k2]= -7.44121624E-01
SEX_31E[k2]= -2.41681945E+00
SEX_30E[k2]=  7.92333994E-01
SEX_29E[k2]= -1.93903750E+00
SEX_28E[k2]=  9.10169620E-01
SEX_27E[k2]= -6.98082360E-01
SEX_26E[k2]=  1.41135103E+00
SEX_25E[k2]= -1.86989199E+00
SEX_24E[k2]=  1.45327602E+00
SEX_23E[k2]= -2.63810024E+00
SEX_22E[k2]=  2.41569546E+00
SEX_21E[k2]= -1.33641869E+00
SEX_20E[k2]=  1.23116838E+00
SEX_19E[k2]= -8.47684601E-01
SEX_18E[k2]=  1.43663182E+00
SEX_17E[k2]= -1.08780631E+00
SEX_16E[k2]=  3.87042661E-01
SEX_15E[k2]= -5.60789055E-01
SEX_14E[k2]=  1.86985529E+00
SEX_13E[k2]= -2.66111815E+00
SEX_12E[k2]= -1.39009337E-01
SEX_11E[k2]= -1.08395495E+00
SEX_10AE[k2]=  9.50648387E-03
SEX_09AE[k2]=  2.22980895E-01
