particle_start[x]  =     0.0174557005
particle_start[px] =     0.0358096912
particle_start[pz] =     0.5772919685
beginning[e_tot]  =   1.58500000E+08
beginning[beta_a]  =     0.4497573325 * (1 + particle_start[pz])
beginning[alpha_a] =    -0.8454228476
beginning[beta_b]  =     0.7895205694 * (1 + particle_start[pz])
beginning[alpha_b] =     1.4264974213
beginning[eta_x]  =     0.0644721601
beginning[etap_x] =     0.0686413554
