O.MR2DIP03[ANGLE] = -3.16466190552784465E-001
O.MR2DIP04[ANGLE] =  +6.94704331372409278E-01
O.MR2DIP05[ANGLE] =  -4.77926060398766617E-01
O.MR2DIP06[ANGLE] =  -4.77926060398766617E-01
O.MR2DIP07[ANGLE] =  +6.94704331372409278E-01
O.MR2DIP08[ANGLE] = -3.29021181123938966E-001
o_r2.sli[angle] = o.mr2dip05[angle]
o_r2.sli[old_angle] = o_r2.sli[angle]

R2.SLI01[L] = 3.66134692927323369E-01
R2.SLI02[L] = 3.09481962979636760E-01
R2.SLI03[L] = 3.66134890448320593E-01

R2.PIP04[L] = +7.26473251728809610E-001
R2.PIP05[L] = 8.31453591468149233E-02
R2.PIP06[L] = 2.66549121429574098E-01
R2.PIP07[L] = 7.76121808978773586E-02
R2.PIP08[L] = 6.30342147789556134E-02
R2.PIP09[L] = 2.82716453887388253E-01
R2.PIP10[L] = 6.86989377690750413E-02
R2.PIP11[L] = +7.26425939356945993E-001

O_R2.SLI[DELTA] = -9.42885264442122547E-005

MR2QUA01[B1_GRADIENT] = +2.49919114417358745E+000
MR2QUA02[B1_GRADIENT] = -3.10962113032838605E+000
MR2QUA03[B1_GRADIENT] = +1.45218074749427983E+000
MR2QUA04[B1_GRADIENT] = +1.36723259697355964E-001
MR2QUA05[B1_GRADIENT] = +3.76844098718889597E+000
MR2QUA06[B1_GRADIENT] = -1.82125053036431850E+000
MR2QUA07[B1_GRADIENT] = -1.37714751668099411E+000
MR2QUA08[B1_GRADIENT] = +3.77500660050433456E+000
