O.MR2DIP03[ANGLE] = -3.63647075455265201E-001
O.MR2DIP04[ANGLE] =  +7.85252326015130953E-01
O.MR2DIP05[ANGLE] =  -5.21293170139007556E-01
O.MR2DIP06[ANGLE] =  -5.21293170139007556E-01
O.MR2DIP07[ANGLE] =  +7.85252326015130953E-01
O.MR2DIP08[ANGLE] = -3.76202066026419701E-001
o_r2.sli[angle] = o.mr2dip05[angle]
o_r2.sli[old_angle] = o_r2.sli[angle]

R2.SLI01[L] =  +3.80317937055243693E-01
R2.SLI02[L] =  +3.33987556967367427E-01
R2.SLI03[L] =  +3.80186620422043597E-01

R2.PIP04[L] = +7.26473251728809610E-001
R2.PIP05[L] = 8.31453591468149233E-02
R2.PIP06[L] = 2.66549121429574098E-01
R2.PIP07[L] = 7.76121808978773586E-02
R2.PIP08[L] = 6.30342147789556134E-02
R2.PIP09[L] = 2.82716453887388253E-01
R2.PIP10[L] = 6.86989377690750413E-02
R2.PIP11[L] = +7.26425939356945993E-001

O_R2.SLI[DELTA] = +3.40110740607788768E-004

MR2QUA01[B1_GRADIENT] = +1.79396213498775814E+000
MR2QUA02[B1_GRADIENT] = -1.64541694237053404E+000
MR2QUA03[B1_GRADIENT] = -2.10154446706545345E-001
MR2QUA04[B1_GRADIENT] = -9.51059604390364216E-002
MR2QUA05[B1_GRADIENT] = +3.42613880710886143E+000
MR2QUA06[B1_GRADIENT] = -2.28711471452838300E+000
MR2QUA07[B1_GRADIENT] = -7.78553559410663065E-001
MR2QUA08[B1_GRADIENT] = +3.43318994910448039E+000
