O.MR3DIP01[ANGLE] = -3.43628953923265645E-001
O.MR3DIP02[ANGLE] = +4.00137954754030578E-001
O.MR3DIP03[ANGLE] = +4.00137954754030578E-001
O.MR3DIP04[ANGLE] = -3.29231826915407089E-001
o_r3.sli[angle] = o.mr3dip02[angle]
o_r3.sli[old_angle] = o_r3.sli[angle]

R3.SLI01[L] = 2.50972996246529578E-01
R3.SLI02[L] = 3.61572363081390902E-01
R3.SLI03[L] = 2.50972086664979166E-01

R3.PIP02[L] = 7.76224786043879345E-01
R3.PIP03[L] = 6.26979905046114311E-02
R3.PIP04[L] = 3.87186074071077746E-01
R3.PIP05[L] = 2.48720919557997328E-01
R3.PIP06[L] = 7.48110313595008874E-02
R3.PIP07[L] = 7.66278724387998045E-01

O_R3.SLI[DELTA] = -4.72547231011766114E-005

MR3QUA01[B1_GRADIENT] = -7.27608611136510763E-001
MR3QUA02[B1_GRADIENT] = +3.86018107412270117E+000
MR3QUA03[B1_GRADIENT] = -5.21265172800375076E+000
MR3QUA04[B1_GRADIENT] = +5.21324532486390702E+000
MR3QUA05[B1_GRADIENT] = -3.50600696915787813E+000
MR3QUA06[B1_GRADIENT] = -3.21648173015964334E+000
MR3QUA07[B1_GRADIENT] = +3.68640453473899576E+000
MR3QUA08[B1_GRADIENT] = -1.47665569221633808E+000
