GA1GHV01[voltage] = 300e3 !V

! ma1sla01[bs_field] = 0.025331      !T 
!ra1cav01[field_scale] =0.85885e6 !V/m

RA1CAV01[VOLTAGE] = 30e3
ra1cav01[phi0] = -90.0/360.0
ma1sla02[bs_field] = -0.01661     !T

RA2CAV01[VOLTAGE] = 1.5E6
RA2CAV01[PHI0] = 0.0
RA2CAV02[VOLTAGE] = 0
RA2CAV02[PHI0] = 0.0
RA2CAV03[VOLTAGE] = 1.6E6
RA2CAV03[PHI0] = 0.0/360.0
RA2CAV04[PHI0] = 0.0/360.0
RA2CAV05[PHI0] = 0.0/360.0

RA1CAV01[PHI0_AUTOSCALE] = -6.02627700768023425E-002
RA2CAV01[PHI0_AUTOSCALE] = -2.89296035475848701E-001
RA2CAV03[PHI0_AUTOSCALE] = -3.59365165048789736E-002
RA2CAV04[VOLTAGE] = +1.17960832292688545E+006
RA2CAV04[PHI0_AUTOSCALE] = +3.82473758380260043E-001
RA2CAV05[VOLTAGE] = +1.17960832292688545E+006
RA2CAV05[PHI0_AUTOSCALE] = +2.42495176318951750E-003
