particle_start[x]  =    -0.0143741178
particle_start[px] =    -0.0323180013
particle_start[pz] =    -0.1924312605
beginning[e_tot]  =   1.58500000E+08
beginning[beta_a]  =     0.4867236399 * (1 + particle_start[pz])
beginning[alpha_a] =    -0.9958482527
beginning[beta_b]  =     0.5570758167 * (1 + particle_start[pz])
beginning[alpha_b] =     1.1167921200
beginning[eta_x]  =     0.0131511964
beginning[etap_x] =     0.0963972468
