particle_start[x]  =    -0.0035524584
particle_start[px] =    -0.0074848948
particle_start[pz] =     0.1924308608
beginning[e_tot]  =   1.58500000E+08
beginning[beta_a]  =     0.4711644699 * (1 + particle_start[pz])
beginning[alpha_a] =    -0.8960847095
beginning[beta_b]  =     0.6624666308 * (1 + particle_start[pz])
beginning[alpha_b] =     1.2335873447
beginning[eta_x]  =     0.0424836152
beginning[etap_x] =     0.0809941418
