O.MS1DIP03[ANGLE] =  +4.82287094356722235E-01
O.MS1DIP04[ANGLE] =  -3.44082413656114250E-01
O.MS1DIP05[ANGLE] =  -3.44082413656114250E-01
O.MS1DIP06[ANGLE] =  +4.82287094356722235E-01
o_s1.sli[angle] = o.ms1dip04[angle]
o_s1.sli[old_angle] = o_s1.sli[angle]

S1.SLI01[L] = 4.83068022639408401E-01
S1.SLI02[L] = 4.15010410194703361E-01
S1.SLI03[L] = 4.83067800745336506E-01

S1.PIP04[L] = 2.64097774516908579E-01
S1.PIP05[L] = 2.44213406192528321E-01
S1.PIP06[L] = 7.71126384400489806E-02
S1.PIP07[L] = 6.26984960484028575E-02
S1.PIP08[L] = 2.55589282693163888E-01
S1.PIP09[L] = 2.52722119910364584E-01

MS1QUA04[offset] = -0.139506
MS1QUA05[offset] = +0.139506
MS1QUA08[offset] = +0.35

MS1CRV01[offset] = -0.140
MS1CRV02[offset] = +0.150
MS1CRV03[offset] = -0.160
MS1CRV04[offset] = -0.150

IS1SCR01[offset] = -0.125840
IS1SCR02[offset] = +0.580613

O_S1.SLI[DELTA] = -6.94768550324926376E-004

MS1QUA01[B1_GRADIENT] = +6.38100458749500610E-001
MS1QUA02[B1_GRADIENT] = -1.72756695542354177E+000
MS1QUA03[B1_GRADIENT] = +1.28748973650400278E+000
MS1QUA04[B1_GRADIENT] = -4.03850603740886527E+000
MS1QUA05[B1_GRADIENT] = -2.83447491034866283E+000
MS1QUA06[B1_GRADIENT] = +9.79532915938465698E-001
MS1QUA07[B1_GRADIENT] = -1.91336230518441130E+000
MS1QUA08[B1_GRADIENT] = +5.18982913543931779E-001
