O.MS3DIP01[ANGLE] =  -3.81448149338660336E-01
O.MS3DIP02[ANGLE] =  +4.44639610993333045E-01
O.MS3DIP03[ANGLE] =  +4.44639610993333045E-01
O.MS3DIP04[ANGLE] =  -3.85263240659351358E-01
o_s3.sli[angle] = o.ms3dip02[angle]
o_s3.sli[old_angle] = o_s3.sli[angle]

S3.SLI01[L] =  +2.65472287710930011E-01
S3.SLI02[L] =  +3.87956387154184845E-01
S3.SLI03[L] =  +2.65689573310960603E-01

S3.PIP02[L] = 7.62357756542040632E-01
S3.PIP03[L] = 6.27002614298354105E-02
S3.PIP04[L] = 3.87182836080048720E-01
S3.PIP05[L] = 2.34899594775000831E-01
S3.PIP06[L] = 7.48095676197149395E-02
S3.PIP07[L] = 7.48254976358265544E-01

O_S3.SLI[DELTA] = -1.34395530852562385E-005

MS3QUA01[B1_GRADIENT] = -9.97007388060563660E-001
MS3QUA02[B1_GRADIENT] = +6.41907163446890383E+000
MS3QUA03[B1_GRADIENT] = -6.24910554240278504E+000
MS3QUA04[B1_GRADIENT] = +4.02532016312131358E+000
MS3QUA05[B1_GRADIENT] = -8.50210963721437230E-001
MS3QUA06[B1_GRADIENT] = -6.26744401574419108E+000
MS3QUA07[B1_GRADIENT] = +7.29946217100919093E+000
MS3QUA08[B1_GRADIENT] = -1.05316719737342090E+000
