O.MS2DIP03[ANGLE] = -3.62664297915982536E-001
O.MS2DIP04[ANGLE] =  +7.81938389503420095E-01
O.MS2DIP05[ANGLE] =  -5.08771883432793226E-01
O.MS2DIP06[ANGLE] =  -5.08771883432793226E-01
O.MS2DIP07[ANGLE] =  +7.81938389503420095E-01
O.MS2DIP08[ANGLE] = -4.24531118421696108E-001
o_s2.sli[angle] = o.ms2dip05[angle]
o_s2.sli[old_angle] = o_s2.sli[angle]

S2.SLI01[L] =  +3.80105572995819818E-01
S2.SLI02[L] =  +3.34028295843754597E-01
S2.SLI03[L] =  +3.80249834868757741E-01

S2.PIP04[L] = +7.26524059760567664E-001
S2.PIP05[L] = 8.31092756907767793E-02
S2.PIP06[L] = 2.41599594223015246E-01
S2.PIP07[L] = 7.76182593482169780E-02
S2.PIP08[L] = 6.32026387846058579E-02
S2.PIP09[L] = 2.54242749377425581E-01
S2.PIP10[L] = 6.86973609893418158E-02
S2.PIP11[L] = +7.26297248541283413E-001

O_S2.SLI[DELTA] = +3.40110740607788768E-004

MS2QUA01[B1_GRADIENT] = +1.77226022350645329E+000
MS2QUA02[B1_GRADIENT] = -1.23095655258683712E+000
MS2QUA03[B1_GRADIENT] = -7.97379348512357478E-001
MS2QUA04[B1_GRADIENT] = +1.65858375056625734E-001
MS2QUA05[B1_GRADIENT] = +3.19389415271225596E+000
MS2QUA06[B1_GRADIENT] = -2.07556368897177235E+000
MS2QUA07[B1_GRADIENT] = -9.57608268587917255E-001
MS2QUA08[B1_GRADIENT] = +3.19498318855062369E+000
