RD1CAV06[GRADIENT_ERR] = +5.15601674354244303E+006
RD1CAV06[PHI0_ERR] = +5.20303004292828417E-004
RD1CAV05[GRADIENT_ERR] = +5.15601674354244303E+006
RD1CAV05[PHI0_ERR] = +1.72005288974416658E-002
RD1CAV04[GRADIENT_ERR] = +5.15601674354244303E+006
RD1CAV04[PHI0_ERR] = +3.63151368081405315E-002
RD1CAV03[GRADIENT_ERR] = +5.15601674354244303E+006
RD1CAV03[PHI0_ERR] = +5.57983876345735930E-002
RD1CAV02[GRADIENT_ERR] = +5.15601674354244303E+006
RD1CAV02[PHI0_ERR] = +7.49095120056355451E-002
RD1CAV01[GRADIENT_ERR] = +5.15601674354244303E+006
RD1CAV01[PHI0_ERR] = +9.15741367443902582E-002
