RD1CAV01[GRADIENT_ERR] = +5.18954613043132238E+006
RD1CAV01[PHI0_ERR] = +1.05528052504056127E-001
RD1CAV02[GRADIENT_ERR] = +5.18356292796021421E+006
RD1CAV02[PHI0_ERR] = +8.53940537340275724E-002
RD1CAV03[GRADIENT_ERR] = +5.17757972548910603E+006
RD1CAV03[PHI0_ERR] = +6.34848254112017479E-002
RD1CAV04[GRADIENT_ERR] = +5.13130109392072633E+006
RD1CAV04[PHI0_ERR] = +4.13060361253147143E-002
RD1CAV05[GRADIENT_ERR] = +5.12531789144961815E+006
RD1CAV05[PHI0_ERR] = +1.94034738029033212E-002
RD1CAV06[GRADIENT_ERR] = +5.11933468897850998E+006
RD1CAV06[PHI0_ERR] = -7.16564509454307563E-004
O_S1.SLI[DELTA] =  -1.51203173285939995E-03
O_R1.SLI[DELTA] =  -1.51203173285939995E-03
O_S2.SLI[DELTA] =  -1.63137667597045808E-04
O_R2.SLI[DELTA] =  -1.63137667597045808E-04
O_S3.SLI[DELTA] =  +1.39151160727039370E-03
O_R3.SLI[DELTA] =  +1.39151160727039370E-03
